100
88 100 41 23 23 72 65 35 88 57 23 43 86 25 63 39 44 7 35 44 55 56 81 62 17 58 77 67 33 35 33 29 39 54 61 36 36 49 39 75 28 3 44 30 32 35 68 30 68 5 54 19 47 20 2 22 61 50 45 51 23 5 35 24 1 31 68 33 27 10 1 5 73 21 73 42 76 81 71 79 71 12 47 2 45 71 30 11 28 65 59 9 37 78 18 55 63 30 49 30 37 36
81 100 74 76 28 20 1 14 67 31 66 56 65 0 78 60 17 76 26 17 7 69 43 52 47 80 13 27 61 78 48 59 74 79 72 66 29 42 44 13 55 15 61 7 37 60 25 31 13 61 43 58 69 34 8 51 26 18 41 1 46 74 46 81 36 48 37 47 35 75 4 61 29 58 72 53 81 4 72 78 64 49 1 35 0 42 44 48 60 69 62 59 70 15 26 66 11 75 36 60 35 47
75 20 65 55 46 74 40 33 22 39 29 9 72 14 31 44 67 35 75 35 6 63
26 7 21 24 11 9 22 20 6
82 100 11 18 49 12 23 39 60 48 0 14 76 20 58 47 6 34 37 19 20 3 52 19 59 15 81 48 8 47 46 47 21 54 8 21 74 12 66 54 45 17 16 80 71 25 69 47 13 5 35 24 54 66 35 35 76 56 63 77 36 41 53 36 37 33 30 48 18 44 35 38 4 67 12 62 70 55 32 32 44 78 82 20 9 65 58 54 8 69 51 59 1 20 80 61 44 80 45 36 65 77
67 2 43 63
3 3 1 2 2
87 100 75 73 36 49 55 64 61 52 4 69 85 69 26 31 60 61 34 2 41 29 56 12 78 71 41 32 74 86 17 27 18 3 15 81 22 18 10 21 83 5 33 4 55 81 1 56 73 13 7 18 57 66 84 44 72 73 71 3 36 44 12 42 18 52 64 35 10 85 6 59 64 75 5 78 16 2 58 67 29 9 32 66 33 32 49 12 47 12 42 4 78 61 0 2 41 17 67 23 59 71
42 60 5 38 33 16 13 20 10 37 27 39 41 3 5 32 23 27 35 37 15 35 6 16 18 8 24 30 38 4 27 14 0 1 0 40 1 24 18 6 1 20 28 28 17 35 27 2 24 14 16 5 24 13 11 20 36 9 18 5 40 20
59 37 28 25 29 14 52 31 16 3 29 33 8 17 5 33 17 28 58 10 47 4 39 55 43 10 28 38 28 15 27 44 1 34 15 2 49 5 31
14 67 14 4 6 0 11 4 9 14 8 0 9 7 6 0 1 0 6 9 14 2 9 4 8 11 3 2 4 7 3 9 2 11 1 1 2 9 1 13 4 5 9 13 9 9 5 0 7 13 0 3 5 13 12 10 8 11 10 14 1 8 8 11 13 7 0 2 2
88 6 63 10 9 53 11 4
99 62 63 41 70 43 43 27 38 22 60 6 97 99 87 10 20 97 45 5 77 97 70 58 55 7 63 27 29 29 70 66 37 81 75 58 32 7 44 11 87 86 96 28 86 43 76 6 39 29 74 80 9 90 0 67 8 3 70 69 72 50 36 82
33 20 18 26 1 25 29 19 23 7 5 14 25 14 33 7 8 7 13 20 11 14
40 53 27 26 8 0 13 28 11 25 16 24 6 12 11 4 15 19 30 22 40 23 4 0 10 12 36 40 23 5 11 23 24 17 34 19 4 8 6 38 6 33 31 21 15 31 34 12 29 17 6 7 10 29 25
80 100 8 39 14 63 15 45 9 38 78 22 70 13 23 33 54 9 64 7 35 66 55 67 65 75 7 44 35 27 76 3 77 9 20 3 2 23 12 53 20 68 37 31 32 55 40 21 32 15 44 70 37 13 64 8 76 17 37 61 41 46 52 17 62 63 54 18 47 51 78 57 4 33 22 34 52 47 15 42 33 43 31 42 44 25 67 65 79 20 44 8 0 76 18 36 50 61 38 60 49 78
95 51 10 14 83 86 69 23 90 94 6 93 61 40 35 63 72 60 0 37 52 18 20 34 93 66 28 11 31 0 29 79 27 16 85 10 57 82 31 52 90 52 6 94 54 29 7 19 46 33 29 58 36
90 100 89 89 89 89 89 89 89 89 89 89 89 89 89 89 89 89 89 89 89 89 89 89 89 89 89 89 89 89 89 89 89 89 89 89 89 89 89 89 89 89 89 89 89 89 89 89 89 89 89 89 89 89 89 89 89 89 89 89 89 89 89 89 89 89 89 89 89 89 89 89 89 89 89 89 89 89 89 89 89 89 89 89 89 89 89 89 89 89 89 89 89 89 89 89 89 89 89 89 89 89
0 1 1
83 100 65 21 33 66 20 50 17 34 78 56 12 10 48 80 46 47 4 56 47 81 27 68 5 11 48 72 59 12 54 32 5 46 49 24 60 48 81 1 3 67 39 41 36 4 72 17 10 33 40 65 53 60 74 77 65 34 23 22 20 17 52 22 5 37 49 25 68 2 66 24 79 25 48 41 43 51 83 44 19 70 53 4 0 66 47 33 29 2 42 66 18 15 48 45 75 60 15 80 42 21
25 76 19 16 19 19 16 15 3 9 22 21 13 21 21 0 20 19 8 18 4 25 14 21 20 13 5 3 4 20 11 16 23 8 22 14 21 16 12 25 16 24 4 4 6 11 10 9 24 0 23 11 13 9 17 24 19 9 10 8 8 24 16 2 11 13 20 8 14 25 3 19 21 24 7 20 19 19
35 1 13
80 100 26 66 56 64 66 14 10 60 68 37 69 34 11 55 59 31 73 0 20 41 24 47 60 37 74 62 49 17 74 13 70 76 65 78 69 27 59 63 71 29 35 25 63 12 37 58 52 11 38 50 80 2 9 62 33 0 19 51 29 40 30 60 67 63 14 16 41 45 22 19 12 56 30 12 52 30 8 20 2 0 20 62 39 11 5 15 33 42 34 70 26 71 73 46 14 59 19 50 68 78
68 79 9 42 64 30 44 54 62 26 61 16 50 55 62 14 61 55 33 56 38 8 29 51 17 62 31 0 25 2 14 14 7 27 23 23 4 33 49 41 32 24 4 24 47 4 67 54 21 38 62 2 4 19 46 34 29 22 55 56 66 8 7 52 51 32 1 54 30 8 68 17 32 20 10 24 12 10 21 46 0
31 8 7 30 18 27 3 8 16 28
84 70 26 20 2 40 9 39 7 7 84 62 82 50 6 0 3 6 54 2 53 70 80 72 4 84 45 12 28 58 0 82 43 64 82 35 37 67 78 84 14 24 1 41 66 80 80 74 23 14 62 4 65 54 24 16 84 72 30 46 46 51 77 34 75 44 0 17 9 57 59 45
84 11 58 8 32 4 77 65 56 32 44 16 69
81 97 50 55 32 21 59 3 78 42 74 58 71 46 51 49 41 45 52 64 69 81 12 49 29 0 27 71 69 80 26 62 3 79 5 25 67 64 19 53 65 39 67 58 47 34 75 23 32 3 36 24 73 19 7 69 32 12 4 78 19 59 55 29 56 55 35 39 1 62 57 54 37 64 31 7 11 27 47 13 80 50 61 8 49 67 76 6 12 60 0 76 56 45 71 68 75 46 18
11 85 2 6 1 4 8 9 10 2 0 5 7 5 1 5 7 2 9 8 1 4 6 6 7 1 10 9 8 3 2 2 11 1 6 11 7 0 11 5 1 11 8 9 1 11 9 1 2 10 11 11 6 1 6 5 7 9 9 11 11 7 0 8 9 0 6 10 1 3 10 8 1 0 9 5 9 6 0 7 3 0 6 1 0 4 6
90 100 88 88 88 88 88 88 88 88 88 88 88 88 88 88 88 88 88 88 88 88 88 88 88 88 88 88 88 88 88 88 88 88 88 88 88 88 88 88 88 88 88 88 88 88 88 88 88 88 88 88 88 88 88 88 88 88 88 88 88 88 88 88 88 88 88 88 88 88 88 88 88 88 88 88 88 88 88 88 88 88 88 88 88 88 88 88 88 88 88 88 88 88 88 88 88 88 88 88 88 90
2 3 1 1 1
83 23 62 41 26 50 22 55 15 50 10 35 36 65 65 33 58 31 39 7 31 19 14 57 30
54 41 54 32 18 7 18 7 45 50 9 0 28 44 6 9 32 26 8 7 0 44 32 43 51 28 33 29 41 4 42 5 40 10 47 53 5 9 12 53 41 2 26
83 72 74 1 69 9 72 23 43 55 50 10 78 29 21 4 18 27 51 46 14 68 41 81 1 63 80 76 39 27 71 35 76 4 83 10 75 25 73 39 10 24 81 38 79 65 10 21 79 26 75 18 43 27 48 1 56 4 62 53 69 34 54 1 82 23 63 34 1 18 13 65 79 62
27 68 7 27 4 2 5 13 20 7 8 15 24 12 2 18 24 3 25 5 5 0 23 9 22 8 18 21 0 5 3 6 26 12 19 14 21 27 7 5 9 13 8 16 15 8 9 11 26 3 22 9 7 11 5 6 4 11 15 12 7 7 21 27 10 3 7 1 4 14
88 40 27 46 43 15 24 5 49 10 80 17 87 65 17 70 86 31 40 28 26 59 73 79 71 47 81 28 37 3 37 37 67 11 5 26 88 26 28 49 85 16
77 19 34 57 56 0 45 9 20 65 58 44 25 63 10 73 65 41 23 69 18
81 23 73 42 47 80 19 46 57 22 79 79 74 28 52 36 9 19 21 50 38 54 71 34 69
90 100 88 88 88 88 88 88 88 88 88 88 88 88 88 88 88 88 88 88 88 88 88 88 88 88 88 88 88 88 88 88 88 88 88 88 88 88 88 88 88 88 88 88 88 88 88 88 88 88 88 88 88 88 88 88 88 88 88 88 88 88 88 88 88 88 88 88 88 88 88 88 88 88 88 88 88 88 88 88 88 88 88 88 88 88 88 88 88 88 88 88 88 88 88 88 88 88 88 88 88 89
70 62 50 32 49 50 12 9 61 33 29 39 26 19 7 50 37 11 7 14 29 38 7 33 0 30 9 66 64 50 36 0 24 56 22 17 34 38 33 61 41 39 64 42 26 13 33 30 61 44 20 67 45 5 4 7 50 61 70 64 19 60 13 3
88 77 54 75 38 69 25 35 60 52 28 44 59 25 52 14 79 67 62 64 78 82 40 56 63 76 5 52 3 75 4 26 19 11 41 0 67 42 74 42 46 10 15 19 47 5 31 15 76 37 19 76 62 45 13 68 5 76 23 42 6 35 77 50 4 71 13 77 59 21 86 6 6 17 19 56 10 51 69
45 45 8 30 29 10 40 0 41 15 16 19 4 17 2 0 39 30 31 35 23 22 8 38 4 42 10 25 16 8 29 5 28 21 10 15 9 33 19 27 14 29 36 20 1 0 35
52 51 9 41 8 4 2 39 2 5 32 12 34 8 23 20 39 3 46 28 22 31 35 0 1 26 30 0 25 21 5 25 46 1 13 2 33 27 0 25 13 12 48 47 21 33 45 42 36 1 1 1 32
58 96 25 31 37 13 31 25 25 7 23 18 22 30 13 39 42 0 25 13 56 20 57 4 56 10 39 34 36 22 51 21 24 15 27 52 45 20 43 5 51 49 6 14 29 44 36 17 27 34 45 43 49 41 39 18 33 17 36 22 34 4 33 55 7 11 19 49 35 54 27 2 42 18 25 17 20 32 49 2 48 7 23 58 8 17 6 34 13 7 13 47 33 21 13 25 38 44
14 54 2 14 10 12 12 12 6 8 3 5 1 1 2 2 10 5 8 4 6 4 8 5 7 12 3 14 13 13 6 9 4 13 4 5 11 3 12 14 10 13 3 0 10 11 5 6 10 3 14 9 13 11 1 10
50 100 12 22 12 9 11 0 24 29 9 26 44 4 16 26 14 14 36 21 24 46 49 40 24 24 22 31 47 3 35 27 0 45 11 15 8 7 5 35 0 10 15 17 32 44 10 39 12 15 36 31 33 8 21 5 32 16 26 46 22 12 1 37 42 2 7 42 3 34 21 24 20 18 11 38 44 28 45 4 40 26 45 12 49 42 22 30 7 11 28 31 2 17 10 42 18 14 22 39 0 40
95 48 89 35 45 74 64 6 41 81 52 36 31 43 87 48 40 90 31 23 6 78 69 72 5 22 20 71 77 49 59 86 22 23 77 16 30 13 74 72 83 10 14 54 95 11 14 89 28 79
0 2 0 0
85 63 62 68 55 1 76 40 84 26 46 84 74 4 18 58 53 1 21 81 40 5 67 10 42 70 8 38 11 74 83 28 43 75 25 13 12 81 9 1 27 46 2 8 44 9 64 64 59 7 64 12 79 66 78 18 80 79 49 50 77 3 77 17 69
57 100 22 22 48 20 14 43 56 38 29 17 2 54 0 8 34 12 15 37 8 43 35 52 42 47 55 23 12 46 4 47 13 31 22 4 20 24 49 13 15 39 46 28 24 19 39 6 21 31 15 45 7 33 38 55 20 31 3 57 37 8 35 38 57 8 9 27 23 6 43 42 47 45 5 39 3 51 51 2 55 19 10 45 39 25 46 23 16 18 9 50 21 52 3 18 52 23 11 7 45 9
0 66 0 0 0 0 0 0 0 0 0 0 0 0 0 0 0 0 0 0 0 0 0 0 0 0 0 0 0 0 0 0 0 0 0 0 0 0 0 0 0 0 0 0 0 0 0 0 0 0 0 0 0 0 0 0 0 0 0 0 0 0 0 0 0 0 0 0
78 94 69 38 0 70 41 30 33 32 79 69 1 38 2 75 9 41 79 56 18 36 40 40 29 64 64 31 15 69 35 42 69 26 46 30 24 41 54 46 70 27 53 61 72 10 21 26 75 66 12 17 43 64 2 28 0 68 72 72 70 75 26 27 54 13 30 9 64 66 66 61 31 4 64 77 13 36 65 29 31 79 0 17 25 63 2 62 3 63 52 79 56 70 59 73
15 34 9 4 4 8 15 6 12 14 11 2 2 7 6 4 3 8 0 3 7 10 13 10 14 8 2 6 7 11 5 6 6 4 10 13
88 100 22 39 38 37 45 27 34 36 25 73 83 12 60 8 52 61 87 58 24 78 64 56 50 3 21 40 23 54 83 19 71 6 66 66 29 57 75 56 83 57 83 30 53 49 46 82 21 36 72 80 5 66 5 13 30 35 57 63 81 77 30 47 49 34 58 62 8 17 83 84 39 86 37 18 85 71 86 83 10 28 34 8 40 38 49 71 28 34 19 66 25 51 59 32 56 1 73 49 14 0
94 66 60 6 86 13 20 38 63 87 29 57 27 18 92 18 83 46 28 33 92 13 27 43 79 41 14 87 42 79 45 50 94 65 64 56 66 62 68 77 34 80 58 90 72 34 6 84 44 29 54 40 1 78 4 9 51 40 75 57 36 31 24 24 76 3 53 69
0 2 0 1
7 38 0 6 4 7 1 5 1 0 1 5 2 7 2 6 1 5 4 4 0 7 2 6 5 1 5 2 3 0 1 0 4 5 7 2 0 0 6 0
27 64 3 23 4 6 15 27 15 14 24 10 24 3 10 25 26 2 0 13 13 17 12 23 1 14 23 9 13 8 9 27 18 7 14 0 10 13 26 5 7 26 7 12 0 5 5 8 3 9 23 5 26 27 15 18 7 22 6 19 21 12 23 15 20 21
64 82 43 22 64 13 47 44 53 49 34 6 42 54 16 41 34 9 6 43 57 52 17 45 28 5 53 18 24 38 0 46 30 45 58 5 63 56 53 7 15 15 59 10 1 21 47 55 20 51 50 26 56 31 14 56 23 15 7 2 6 37 54 33 0 8 23 55 21 6 11 51 17 40 13 35 64 36 19 47 10 38 20 30
76 3 44 50 51
21 83 3 10 19 15 18 11 20 16 5 10 4 11 20 16 1 19 1 3 17 10 15 3 7 20 4 9 10 0 6 16 0 18 14 18 10 13 4 5 15 7 10 7 17 21 2 1 14 8 10 8 10 17 19 17 8 9 5 15 17 16 19 10 2 20 1 3 16 9 17 4 9 17 7 2 8 9 7 5 7 19 19 17 11
80 72 0 12 2 68 26 20 44 77 58 52 18 55 21 48 55 21 77 76 41 6 63 31 59 52 7 23 47 36 67 20 58 8 30 28 46 48 25 8 39 39 78 75 37 47 1 72 46 72 47 74 75 78 2 66 80 22 5 12 56 31 7 4 27 62 64 56 13 72 80 23 35 1
59 11 20 18 59 13 50 47 41 35 6 25 52
1 1 1
60 93 36 37 13 12 26 49 52 23 16 40 49 44 34 51 5 24 30 37 40 5 44 55 30 56 4 26 42 54 17 51 17 23 14 60 4 30 32 5 57 14 57 29 14 41 30 32 52 18 4 31 44 54 53 46 41 10 49 58 43 24 0 45 43 49 22 8 25 55 15 37 12 18 33 39 16 10 14 28 18 56 56 46 39 27 2 31 49 0 2 52 19 49 20
85 98 67 43 75 60 16 15 50 35 41 24 40 5 48 84 71 8 77 66 3 14 58 6 81 31 4 71 46 17 23 84 16 6 25 79 26 76 37 46 40 26 14 8 57 3 85 25 72 56 61 31 53 0 65 14 34 69 10 7 36 73 35 13 7 21 53 36 1 20 18 53 31 61 66 65 3 73 57 39 76 59 5 72 15 21 81 9 76 32 77 32 80 25 16 75 6 47 15 82
70 92 0 17 59 6 18 27 26 36 34 68 59 65 22 54 23 58 13 7 10 19 67 62 2 68 68 57 40 40 20 25 9 59 21 11 33 6 18 65 60 3 62 45 39 40 32 2 63 17 27 4 52 39 70 30 45 8 47 63 22 34 70 48 44 59 62 37 60 44 31 37 20 2 43 52 39 23 34 42 62 56 40 62 8 5 70 5 69 15 62 59 17 2
3 3 2 3 3
23 91 0 21 22 17 4 21 23 16 3 0 14 11 9 13 11 20 20 5 21 18 3 5 22 17 16 0 23 6 8 21 6 9 1 0 19 6 5 16 11 21 16 6 8 10 7 11 15 3 3 14 14 17 6 23 8 10 19 4 1 15 0 18 6 21 20 17 4 12 20 3 20 0 7 6 19 22 20 2 7 16 16 12 4 6 17 16 17 22 1 1 21
29 14 15 28 17 16 27 22 14 28 3 29 22 19 5 27
21 11 17 17 7 0 12 0 5 7 12 20 1
88 100 25 7 81 48 5 7 8 73 39 86 22 78 28 36 30 1 18 30 50 28 6 34 60 61 49 65 64 0 18 32 14 79 13 65 7 75 23 54 7 23 39 45 27 75 48 64 18 79 55 75 69 55 49 54 15 3 38 83 48 72 72 34 76 60 32 33 17 38 48 74 50 1 31 53 55 30 86 45 0 43 7 58 14 48 76 7 30 34 20 80 75 0 24 12 79 62 38 37 6 21
87 67 47 66 63 85 39 24 12 12 78 54 69 36 73 3 63 34 0 24 20 40 13 72 59 67 41 33 48 22 16 81 53 77 43 32 30 19 2 16 77 2 78 33 16 47 18 16 84 28 87 47 58 81 48 64 12 39 10 75 70 42 85 50 50 11 69 66 73
68 34 28 48 22 13 18 60 29 42 67 8 67 28 16 8 16 43 15 49 8 45 65 52 37 51 12 52 27 24 38 9 21 53 28 1
1 1 0
48 53 34 23 16 3 22 14 37 36 38 40 41 6 41 45 40 17 17 15 5 43 27 7 25 27 48 41 31 12 23 6 18 20 21 30 2 11 12 4 10 11 33 29 27 40 6 47 32 40 35 45 36 10 19
62 45 45 55 44 10 55 11 55 56 53 17 38 31 23 56 34 46 33 19 15 60 5 28 50 36 5 54 1 28 27 23 16 17 3 40 28 13 37 32 52 48 36 1 40 28 62
83 100 47 66 16 0 44 82 79 60 13 4 73 20 23 71 39 62 57 62 60 24 2 38 38 47 58 2 58 54 80 50 20 72 29 72 58 80 14 46 16 56 66 75 82 21 38 46 26 61 38 66 22 53 40 67 34 43 67 17 31 83 77 43 56 77 77 13 57 61 62 60 5 12 57 27 48 63 50 82 75 13 61 67 83 44 50 46 24 41 76 77 1 59 49 69 48 50 58 6 3 17
58 64 5 1 27 10 24 28 5 17 44 29 34 43 51 50 3 16 19 30 45 39 53 57 6 11 58 32 32 47 16 54 0 24 43 8 40 24 37 40 53 24 46 25 44 9 38 0 6 21 27 31 0 54 46 58 54 25 2 45 36 39 50 50 30 38
1 1 2
79 49 48 16 23 63 54 21 69 47 0 64 48 40 23 67 12 76 77 60 6 21 78 69 1 33 9 23 50 73 47 2 51 67 48 49 77 30 74 0 9 73 76 66 29 72 71 10 2 76 74
93 32 77 68 15 79 85 76 76 23 69 47 70 27 84 21 86 77 68 90 11 50 83 7 19 62 68 68 4 21 17 68 80 54
31 67 17 1 6 4 30 9 14 16 29 11 17 2 27 16 24 9 9 11 19 26 7 13 31 4 16 29 19 16 7 30 19 20 7 21 9 14 4 0 0 1 13 5 19 25 31 28 12 11 31 6 10 30 28 3 6 26 1 14 22 9 11 12 31 12 22 30 12
3 3 2 3 4
3 29 3 1 3 2 1 0 2 0 3 2 2 3 2 2 1 2 0 1 3 1 1 2 0 2 1 1 2 3 3
100 94 30 57 100 56 58 92 90 56 95 31 37 42 17 4 60 38 36 59 36 8 70 58 90 40 7 26 99 29 79 72 27 56 45 70 10 2 6 49 82 61 63 30 42 29 10 16 84 63 13 47 2 5 64 88 34 88 46 48 40 56 85 80 24 56 19 52 75 86 41 52 56 99 28 56 82 35 26 40 38 95 61 29 36 61 25 0 64 74 81 54 98 68 38 11
89 100 57 86 49 86 26 5 84 55 82 47 40 29 47 42 2 19 10 57 52 15 9 81 84 26 41 12 88 57 30 1 66 51 66 18 58 46 14 80 60 67 55 45 65 54 42 75 45 9 1 84 15 10 48 76 13 86 4 40 64 40 46 83 31 88 65 11 71 65 54 26 6 71 60 36 19 63 29 44 51 6 56 34 39 0 12 32 15 13 39 80 41 78 78 75 15 0 51 31 32 34
76 77 29 0 67 19 17 66 17 1 25 31 29 21 33 36 75 70 75 50 70 61 53 30 53 18 26 65 27 41 23 45 60 62 72 71 61 70 72 23 42 49 42 10 40 17 2 8 53 4 56 65 76 73 64 18 9 67 70 26 2 57 49 28 46 43 49 21 51 59 22 38 30 49 5 4 57 63 21
60 56 50 8 57 48 42 26 52 12 60 34 10 23 53 25 29 58 2 10 58 19 24 6 37 1 50 48 34 9 34 18 22 9 24 36 20 18 35 49 29 3 25 5 48 56 18 8 4 17 19 20 44 39 33 3 23 29
24 74 13 5 16 22 15 12 0 18 8 5 8 6 14 16 4 0 9 19 3 4 3 13 8 9 17 21 16 12 1 20 19 9 16 15 13 7 10 2 14 14 19 6 19 15 4 16 20 17 15 2 18 5 0 12 11 10 7 24 4 7 17 14 12 23 21 22 1 5 5 5 3 9 19 20
2 72 1 1 2 1 2 1 2 0 1 2 2 1 2 1 0 0 2 0 0 2 1 1 2 0 1 2 2 2 0 1 1 2 0 2 0 2 1 0 0 1 0 0 1 2 1 0 0 1 1 0 2 1 1 1 0 1 0 1 0 2 0 1 1 1 0 0 0 1 2 2 1 0
7 17 5 2 2 2 0 4 4 0 4 0 0 4 0 1 3 2 0
90 100 88 88 88 88 88 88 88 88 88 88 88 88 88 88 88 88 88 88 88 88 88 88 88 88 88 88 88 88 88 88 88 88 88 88 88 88 88 88 88 88 88 88 88 88 88 88 88 88 88 88 88 88 88 88 88 88 88 88 88 88 88 88 88 88 88 88 88 88 88 88 88 88 88 88 88 88 88 88 88 88 88 88 88 88 88 88 88 88 88 88 88 88 88 88 88 88 88 88 88 91
6 36 2 0 0 2 5 6 1 1 5 5 4 1 4 3 6 5 2 1 0 0 4 1 3 1 5 2 2 6 4 0 4 4 4 6 5 2
57 95 40 48 25 28 39 52 20 2 47 36 15 43 34 5 18 13 49 48 33 31 8 54 37 46 35 6 26 30 28 14 20 49 42 10 24 30 3 42 47 31 18 10 26 3 2 8 4 3 7 3 26 21 46 18 39 26 40 38 9 3 0 5 44 57 10 32 21 43 5 33 24 38 16 0 30 17 22 43 0 7 56 18 57 27 9 30 54 15 17 16 26 39 0 31 34
43 47 18 21 43 43 28 12 15 19 10 34 20 35 14 20 43 22 30 3 40 21 32 17 34 31 36 6 32 13 38 21 26 41 34 1 39 30 30 39 38 18 40 36 1 37 34 7 41
9 59 0 3 2 9 9 2 5 0 1 6 3 9 9 3 7 6 2 9 9 3 5 9 3 9 2 1 1 2 9 9 2 8 1 3 4 9 4 3 6 6 2 9 9 3 3 9 3 8 6 1 1 6 4 6 9 1 5 1 0
41 9 36 37 35 28 7 27 34 28 12
37 50 19 15 8 18 12 1 32 4 6 18 31 36 0 3 33 10 26 16 25 19 2 30 33 2 5 37 10 1 33 10 16 10 19 34 25 29 29 14 20 34 4 28 26 28 10 1 15 1 0 24
6 21 0 5 2 6 6 5 3 4 4 2 5 6 4 0 2 4 2 4 5 1 5
