Case #1: 111 112 113 121 122 123 131 132 133 211 212 213 221 222 223 231 232 233 311 312 313 321 322 323 331 332 333
Case #2: NONE
Case #3: 111242 166535 256612 266643 441554 521455 636622 642114
Case #4: 11 12 21 22
Case #5: 11 12 21 22
Case #6: 133424 224255 321124 323641 365634
Case #7: NONE
Case #8: 1111 1112 1113 1114 1121 1122 1123 1124 1131 1132 1133 1141 1142 1143 1144 1211 1212 1213 1214 1221 1222 1223 1224 1231 1232 1233 1241 1242 1243 1244 1311 1312 1313 1314 1321 1322 1323 1324 1331 1333 1334 1341 1342 1343 1411 1412 1413 1414 1421 1422 1424 1431 1432 1433 1434 1441 1442 1443 1444 2111 2112 2113 2114 2121 2122 2123 2124 2131 2132 2133 2134 2141 2143 2144 2211 2212 2213 2214 2221 2222 2223 2224 2231 2232 2233 2234 2242 2243 2244 2311 2312 2313 2314 2322 2323 2331 2332 2333 2334 2342 2343 2344 2411 2413 2414 2421 2422 2423 2424 2432 2433 2434 2441 2442 2443 2444 3111 3112 3113 3114 3121 3122 3123 3124 3131 3132 3133 3134 3141 3142 3143 3144 3211 3213 3214 3221 3222 3223 3224 3231 3232 3233 3241 3242 3243 3244 3311 3312 3313 3321 3322 3323 3324 3331 3332 3333 3334 3341 3342 3343 3344 3411 3412 3414 3421 3422 3423 3424 3431 3432 3433 3434 3441 3442 3444 4112 4121 4122 4123 4124 4131 4132 4133 4134 4141 4142 4143 4144 4211 4212 4213 4214 4221 4222 4223 4231 4234 4241 4242 4243 4244 4311 4321 4322 4323 4324 4331 4332 4333 4334 4341 4342 4343 4344 4412 4413 4414 4421 4422 4424 4431 4432 4441 4442 4443 4444
Case #9: NONE
Case #10: 11 12 21 22
Case #11: 11355 11451 12225 12324 12334 12454 12515 12522 13232 13331 13431 13544 13554 14314 15242 15243 15455 15525 15534 15543 21125 22112 22224 22244 22313 22441 22453 22455 22552 23143 23243 24321 24351 24412 24415 24533 25114 25115 25151 25331 25525 25534 31252 31332 31433 31551 31552 31553 32155 32435 32535 33111 33155 33254 33325 34224 34312 34545 34555 35153 35232 35522 35534 35544 41233 41524 42231 42244 42532 43124 43125 43142 43143 43155 43215 43515 44123 44523 45233 45334 45455 45521 51222 52211 52245 52255 52434 52511 52532 52534 53131 53214 53413 53422 53453 54255 54452 54552 54553 55113 55125 55144 55251 55253 55313 55341 55342 55425
Case #12: 1111 1112 1113 1114 1121 1122 1123 1124 1131 1133 1134 1141 1142 1143 1144 1211 1212 1213 1214 1221 1222 1223 1224 1232 1233 1234 1241 1242 1243 1244 1311 1312 1313 1321 1322 1323 1324 1331 1332 1333 1334 1342 1343 1411 1412 1413 1414 1421 1422 1423 1424 1431 1433 1434 1441 1442 1443 1444 2111 2112 2114 2121 2122 2123 2124 2131 2132 2133 2134 2141 2142 2143 2144 2211 2212 2213 2214 2221 2222 2223 2224 2231 2232 2233 2234 2241 2242 2243 2244 2313 2314 2321 2322 2324 2331 2332 2333 2334 2341 2342 2343 2344 2411 2412 2413 2414 2421 2422 2423 2424 2431 2432 2433 2434 2441 2442 2443 2444 3111 3112 3114 3121 3122 3123 3124 3132 3133 3134 3141 3142 3211 3212 3213 3214 3221 3224 3232 3233 3234 3241 3242 3243 3244 3311 3312 3313 3314 3321 3322 3323 3324 3331 3333 3334 3341 3342 3343 3344 3411 3413 3414 3421 3422 3423 3424 3431 3432 3433 3434 3441 3442 3443 4111 4112 4113 4114 4121 4122 4123 4124 4131 4132 4133 4134 4141 4143 4144 4211 4212 4213 4214 4221 4222 4223 4224 4231 4232 4233 4234 4241 4242 4243 4311 4312 4314 4321 4322 4323 4324 4331 4332 4333 4334 4341 4342 4343 4344 4411 4412 4413 4421 4422 4423 4424 4431 4432 4433 4434 4442 4443 4444
Case #13: 1
Case #14: 1111 1112 1113 1114 1121 1122 1124 1131 1132 1133 1134 1141 1142 1144 1211 1212 1213 1214 1221 1222 1223 1224 1232 1233 1234 1241 1242 1243 1311 1312 1313 1321 1322 1323 1324 1331 1333 1341 1342 1343 1344 1411 1412 1413 1414 1421 1422 1423 1424 1431 1433 1441 1442 1443 2111 2112 2113 2114 2121 2122 2123 2124 2131 2132 2133 2134 2141 2142 2143 2144 2211 2212 2213 2214 2221 2222 2223 2231 2232 2233 2234 2241 2242 2244 2311 2312 2313 2314 2322 2323 2324 2332 2333 2334 2341 2342 2343 2344 2412 2413 2414 2421 2422 2423 2424 2432 2434 2441 2442 2443 2444 3111 3112 3113 3114 3124 3131 3132 3133 3134 3141 3142 3144 3211 3212 3213 3214 3221 3222 3223 3224 3231 3232 3233 3234 3241 3244 3313 3314 3321 3322 3323 3331 3332 3333 3334 3341 3343 3344 3411 3412 3413 3414 3421 3422 3423 3424 3431 3432 3433 3434 3441 3443 3444 4111 4112 4113 4114 4121 4122 4123 4124 4132 4133 4134 4141 4142 4143 4144 4211 4212 4213 4214 4221 4222 4224 4231 4233 4234 4241 4242 4243 4244 4311 4313 4314 4321 4322 4323 4324 4331 4332 4334 4341 4343 4344 4411 4412 4414 4421 4422 4423 4424 4431 4432 4433 4434 4441 4442 4443 4444
Case #15: 1
Case #16: 116332 226646 242315 251626 423151 635212 646143
Case #17: 1
Case #18: 11423 11532 11554 12234 12313 12433 13355 13432 14115 14234 14411 14432 15124 15133 15145 15215 15231 15335 15351 15444 15524 21143 21155 21335 21512 22115 22153 22242 22321 22343 22424 23134 23214 23215 23341 23442 23541 24141 24234 24241 24551 25124 25321 25341 31321 31332 31343 31443 32142 32151 32412 32455 33122 33315 33412 33515 33551 34111 34345 34351 34421 34453 34515 35124 35143 35152 41223 41411 41514 41521 42115 42245 42313 42342 42344 42424 42441 42452 43221 43451 44455 44531 44533 45251 45313 45333 45423 45512 45553 51243 51331 51525 52232 52314 52423 52522 53134 53214 53512 54211 54231 54453 54523 55123 55312 55531
Case #19: 1111 1112 1113 1114 1121 1122 1123 1124 1131 1132 1133 1134 1141 1142 1144 1211 1212 1213 1214 1221 1222 1223 1224 1231 1232 1233 1234 1241 1242 1243 1244 1311 1312 1314 1322 1323 1324 1332 1333 1334 1341 1342 1343 1344 1411 1412 1413 1414 1423 1424 1432 1434 1441 1442 1443 1444 2112 2113 2121 2122 2123 2124 2131 2132 2134 2141 2143 2144 2212 2213 2214 2221 2222 2223 2224 2231 2232 2233 2234 2241 2242 2243 2244 2311 2312 2314 2321 2322 2323 2324 2332 2333 2334 2341 2342 2343 2344 2411 2412 2413 2414 2421 2422 2423 2424 2432 2433 2434 2441 2442 2443 2444 3111 3112 3113 3114 3121 3122 3123 3124 3132 3141 3142 3143 3144 3211 3212 3213 3221 3222 3223 3224 3231 3232 3234 3241 3242 3243 3244 3311 3312 3313 3314 3321 3322 3323 3331 3333 3334 3341 3342 3343 3344 3411 3412 3413 3414 3421 3422 3423 3431 3432 3433 3434 3441 3442 3444 4111 4112 4113 4114 4121 4122 4123 4124 4131 4132 4133 4134 4141 4142 4144 4211 4212 4213 4214 4222 4223 4231 4232 4233 4234 4241 4242 4243 4244 4311 4312 4321 4322 4323 4324 4331 4332 4333 4334 4342 4343 4344 4411 4412 4413 4414 4421 4423 4424 4432 4433 4441 4442
Case #20: 111 112 113 121 122 123 131 132 133 211 212 213 221 222 223 231 232 233 311 312 313 321 322 323 331 332 333
Case #21: NONE
Case #22: 11111 11351 12111 12512 13212 13331 13353 13544 13552 14143 14144 14312 14341 14413 14452 14514 15253 15255 15424 21211 21244 21322 21331 21553 22244 22441 22513 22533 23423 24123 24132 24213 24314 24331 24415 24535 25324 25343 25515 31143 31224 31451 31525 31551 32132 32311 32421 33141 33145 33152 33443 33512 33521 33553 34144 34353 34433 34434 34442 35332 41153 41232 41321 41414 41434 41441 41513 42241 42331 42342 42421 42543 43133 43155 43234 43343 43414 43443 44111 44133 44524 45152 45223 45241 45455 45514 51311 51333 51334 51354 51355 51414 51525 52135 52245 52412 53144 53325 53551 54234 54312 54335 54411 55141 55243 55525
Case #23: 1
Case #24: 51477581
Case #25: 1111 1112 1113 1114 1121 1122 1123 1124 1131 1132 1133 1134 1141 1142 1143 1144 1211 1212 1213 1214 1221 1222 1223 1224 1231 1232 1233 1234 1241 1242 1243 1311 1312 1313 1314 1321 1322 1323 1324 1331 1332 1333 1341 1342 1343 1344 1411 1412 1413 1414 1421 1422 1424 1431 1432 1433 1434 1441 1442 1443 1444 2111 2112 2113 2114 2121 2122 2123 2124 2131 2132 2133 2134 2141 2142 2143 2144 2211 2212 2213 2214 2221 2222 2223 2224 2231 2232 2233 2234 2241 2242 2243 2244 2311 2312 2313 2314 2321 2322 2324 2331 2332 2333 2334 2341 2342 2344 2411 2412 2413 2414 2422 2424 2431 2432 2433 2434 2441 2442 2443 2444 3111 3112 3113 3121 3122 3123 3124 3131 3132 3133 3134 3141 3142 3143 3144 3211 3212 3213 3214 3221 3222 3223 3224 3231 3232 3233 3241 3242 3312 3313 3314 3321 3322 3323 3324 3331 3332 3334 3341 3342 3411 3412 3413 3421 3422 3423 3424 3431 3432 3433 3441 3442 3443 3444 4111 4112 4113 4121 4122 4123 4124 4131 4132 4133 4134 4141 4142 4143 4144 4211 4212 4213 4214 4221 4222 4223 4224 4232 4233 4234 4241 4242 4243 4244 4311 4312 4314 4321 4322 4323 4324 4331 4332 4333 4342 4343 4344 4411 4412 4413 4421 4422 4423 4431 4432 4433 4434 4441 4442 4443 4444
Case #26: 111 112 113 121 122 123 131 132 133 211 212 213 221 222 223 231 232 233 311 312 313 321 322 323 331 332 333
Case #27: 1
Case #28: 1
Case #29: 1112 1113 1114 1122 1123 1124 1131 1132 1133 1141 1143 1144 1211 1212 1214 1222 1223 1224 1231 1232 1233 1234 1241 1242 1243 1244 1312 1313 1321 1322 1323 1324 1331 1332 1333 1334 1341 1342 1343 1344 1411 1412 1413 1414 1422 1424 1431 1432 1433 1434 1441 1443 1444 2111 2112 2113 2114 2121 2122 2123 2124 2131 2132 2133 2134 2141 2142 2143 2144 2211 2212 2213 2214 2221 2222 2223 2224 2231 2232 2233 2234 2241 2242 2243 2244 2311 2312 2313 2314 2321 2322 2324 2331 2332 2333 2334 2341 2342 2343 2411 2412 2413 2414 2421 2422 2423 2424 2431 2432 2433 2441 2442 2443 2444 3111 3112 3113 3114 3121 3122 3123 3124 3131 3132 3133 3134 3141 3143 3144 3211 3212 3213 3221 3222 3223 3224 3231 3232 3233 3234 3241 3242 3243 3244 3311 3312 3313 3314 3321 3322 3323 3324 3331 3332 3333 3334 3341 3342 3343 3344 3411 3412 3413 3414 3422 3423 3424 3431 3433 3442 3443 3444 4111 4112 4113 4114 4121 4122 4123 4124 4131 4132 4134 4141 4142 4143 4144 4211 4212 4213 4214 4221 4222 4224 4231 4232 4233 4241 4243 4311 4312 4313 4314 4321 4322 4323 4324 4331 4332 4334 4341 4344 4411 4412 4413 4414 4421 4422 4423 4431 4432 4433 4434 4441 4442 4443 4444
Case #30: 112124 212511 361535 413164 416615 532245 551512 553224 623135 655151 663344
Case #31: 6716247
Case #32: 111 112 113 121 122 123 131 132 133 211 212 213 221 222 223 231 232 233 311 312 313 321 322 323 331 332 333
Case #33: 11 12 21 22
Case #34: 6666366
Case #35: NONE
Case #36: NONE
Case #37: 11151 11241 11253 11334 12314 12513 12531 13251 13442 14111 14452 15314 15342 15412 15545 21115 21234 21325 21331 21343 21531 21535 21541 22222 22431 22545 23134 23233 23322 23554 24125 24325 24534 25113 25215 25345 25355 25411 25451 31125 31224 31231 31255 31344 31433 32242 32412 32534 33222 33241 33423 34222 34224 34235 34254 34322 34342 34423 34522 35251 35335 35345 35531 35542 35545 41125 41251 41253 41344 41411 42111 42123 42232 42254 42313 42355 42453 42541 42542 42545 43145 43224 43533 45123 45213 45224 45252 45253 45355 51325 51352 51445 51521 52112 52132 52133 52144 52153 52521 53112 53125 53143 53235 53422 53455 53553 54112 54141 54245 54254 54353 54512 54543 55213 55425
Case #38: 1111 1112 1113 1114 1121 1122 1124 1131 1132 1133 1134 1141 1142 1143 1144 1211 1212 1213 1214 1221 1222 1223 1224 1232 1233 1234 1242 1243 1244 1311 1312 1313 1314 1321 1323 1324 1331 1332 1333 1334 1341 1342 1343 1344 1411 1413 1414 1421 1422 1423 1424 1431 1432 1441 1442 1443 1444 2112 2113 2114 2121 2122 2123 2124 2131 2132 2133 2134 2141 2142 2143 2144 2211 2212 2213 2214 2221 2222 2223 2224 2231 2232 2234 2242 2243 2244 2311 2312 2313 2314 2321 2322 2323 2324 2331 2332 2333 2334 2341 2342 2344 2411 2412 2413 2421 2422 2423 2424 2432 2433 2441 2442 2443 2444 3111 3112 3113 3114 3121 3122 3123 3124 3131 3132 3133 3134 3141 3142 3144 3211 3212 3213 3214 3221 3222 3223 3231 3232 3233 3234 3241 3242 3243 3244 3311 3312 3313 3314 3321 3322 3323 3324 3331 3332 3333 3334 3341 3342 3343 3344 3412 3413 3414 3421 3422 3423 3424 3431 3434 3441 3442 3443 4111 4112 4113 4114 4121 4122 4123 4124 4131 4132 4133 4141 4142 4143 4144 4211 4212 4213 4214 4221 4223 4224 4231 4232 4233 4234 4241 4242 4244 4311 4312 4313 4314 4321 4322 4323 4331 4332 4333 4341 4343 4411 4412 4413 4414 4421 4423 4424 4431 4432 4433 4434 4441 4442 4443 4444
Case #39: 11133 11314 11331 11523 11552 12134 12423 13323 14131 14241 15142 15224 15232 15521 15524 21131 21332 21355 22343 23211 23411 23442 24124 24235 24315 24441 24453 24513 25121 25134 25223 25252 25315 25443 31113 31224 31445 31451 31513 31523 32113 32423 32542 33114 33244 33254 33344 33443 34111 34242 34343 34415 34424 35415 35451 35524 35553 41145 41251 41324 41521 42211 42412 42425 43152 44114 44153 44241 44325 44411 45122 51213 51225 51325 51423 52135 52234 52245 52315 52431 52445 53153 53334 54152 54412 54512 55213 55244 55314 55531
Case #40: 1111 1112 1113 1114 1121 1122 1123 1124 1132 1133 1134 1141 1143 1144 1211 1212 1213 1214 1221 1222 1223 1224 1231 1232 1233 1234 1242 1243 1244 1311 1312 1313 1314 1322 1323 1324 1331 1332 1333 1334 1341 1342 1343 1344 1411 1412 1413 1414 1421 1422 1423 1424 1431 1433 1434 1441 1442 1443 1444 2111 2112 2113 2114 2121 2122 2123 2124 2131 2132 2134 2141 2142 2143 2144 2211 2212 2213 2221 2222 2223 2224 2231 2232 2233 2241 2242 2243 2244 2311 2312 2313 2314 2321 2322 2323 2324 2331 2332 2333 2334 2342 2343 2344 2412 2414 2422 2423 2424 2431 2432 2433 2434 2441 2442 2443 2444 3111 3112 3113 3114 3121 3122 3123 3124 3131 3132 3133 3134 3141 3142 3143 3144 3211 3212 3213 3221 3222 3223 3224 3231 3232 3234 3241 3242 3243 3244 3312 3313 3314 3321 3322 3323 3324 3331 3332 3333 3334 3341 3342 3343 3344 3411 3412 3413 3414 3421 3422 3423 3424 3431 3432 3433 3434 3441 3442 3443 3444 4111 4112 4113 4114 4121 4122 4123 4124 4131 4133 4134 4141 4142 4143 4144 4211 4212 4214 4221 4222 4224 4231 4232 4233 4234 4241 4243 4244 4311 4312 4313 4314 4321 4324 4331 4332 4333 4334 4341 4342 4343 4344 4412 4413 4414 4421 4423 4424 4431 4432 4433 4434 4441 4443 4444
Case #41: 11 12 21 22
Case #42: 1
Case #43: NONE
Case #44: NONE
Case #45: NONE
Case #46: 1112 1113 1121 1122 1123 1124 1131 1132 1133 1134 1141 1142 1143 1144 1211 1212 1213 1214 1221 1223 1231 1232 1233 1241 1242 1243 1244 1311 1312 1313 1314 1321 1322 1323 1324 1331 1333 1334 1341 1342 1343 1344 1411 1412 1413 1414 1421 1422 1423 1431 1432 1433 1434 1441 1442 1443 1444 2111 2112 2113 2114 2121 2122 2123 2124 2131 2132 2133 2134 2141 2142 2143 2144 2211 2212 2213 2214 2223 2224 2231 2232 2233 2234 2241 2242 2244 2311 2312 2313 2314 2321 2322 2323 2324 2331 2332 2333 2334 2341 2342 2411 2412 2413 2414 2421 2422 2423 2424 2431 2432 2433 2441 2443 3111 3112 3113 3114 3121 3123 3124 3131 3132 3133 3134 3141 3142 3143 3144 3211 3212 3213 3214 3222 3223 3224 3231 3232 3233 3241 3242 3244 3311 3312 3313 3314 3321 3323 3331 3332 3333 3334 3341 3342 3343 3344 3411 3412 3413 3414 3421 3422 3423 3431 3432 3434 3441 3442 3443 3444 4111 4112 4114 4121 4122 4124 4131 4132 4133 4134 4141 4143 4144 4211 4212 4213 4214 4221 4222 4223 4224 4231 4232 4233 4241 4242 4243 4311 4312 4313 4321 4323 4324 4333 4334 4341 4342 4343 4344 4411 4412 4413 4414 4421 4422 4423 4424 4431 4433 4434 4441 4443 4444
Case #47: 11113 11324 11333 11534 12113 12154 12221 12232 12314 12554 13122 13131 13324 14143 14144 14225 14322 14344 14355 14412 14451 14512 14552 15122 15225 15412 21133 21235 21331 21435 22135 22213 22243 22325 22352 22434 22443 22521 23125 23243 23324 24314 24415 24432 25211 25214 25244 25314 25315 25441 25523 31215 31224 31313 31414 31422 31441 31451 32131 32341 32422 32433 32435 32531 32553 33114 33144 33223 33245 34212 34312 34445 34522 35151 35252 35321 35333 35541 41211 41432 41525 42123 42143 42152 42254 42413 43124 43142 43221 43224 43243 43252 43331 43442 43515 43552 43554 44141 44322 45141 45221 51132 51153 51222 51332 51411 51445 52135 52244 52315 52441 52452 52523 53145 53431 53533 53545 54122 54143 54412 55222 55231 55413
Case #48: NONE
Case #49: 122461 133234 152461 244362 246121 315246 354224 431466 461313 462511 464242 664223 666422
Case #50: 223345 334516 341621 345161 422244 442633 451614 452526 536116 623264 642146 656565
Case #51: 11131 11133 11143 11144 11153 11312 11414 12134 12211 12241 12243 13141 13242 13521 13543 14111 14122 14434 14454 14513 14522 15152 15241 15522 21114 21132 21335 21443 21524 22111 22124 22234 22342 22411 22432 22434 22444 22531 22553 23141 23425 23521 23533 23543 24131 24314 24354 24542 25152 25224 25252 25315 25351 25355 25412 25552 31313 31343 31413 31515 32244 32255 32524 33252 33334 33425 33433 33441 34221 34255 34315 34325 34335 34443 34553 35211 35213 35334 35431 35432 41113 41115 41141 41224 41334 41354 42212 42555 43112 43134 43224 43355 43522 44341 44441 44543 45135 45222 45343 45445 45512 45554 51524 51525 52133 52211 52243 52314 52352 52454 52515 53151 53435 53551 53552 53554 54122 54311 54322 54453 54551 55122 55231 55355 55445 55523 55542
Case #52: NONE
Case #53: 11111 11213 11244 11344 11451 11532 12313 12355 12435 12515 13211 13241 13321 13335 13535 14112 14354 14423 14511 14533 15131 15213 15225 15322 15325 15434 15545 21121 21153 21333 21444 21513 22144 22312 23133 23413 23522 23555 24125 24354 24541 25135 25141 25151 25221 25224 25521 25525 31154 31215 31321 31332 31425 31532 31554 32115 32132 32514 32522 33153 33331 33355 33432 33555 34113 34324 34334 34413 34535 35135 35354 35455 35514 35533 35551 35554 41251 41324 41511 41521 41533 42313 42331 42343 42435 42554 43333 43543 44132 44234 45111 45341 45415 51114 51152 51235 51312 51351 51353 51411 51423 51541 52125 52211 52315 52435 52522 52524 53335 53521 53542 54333 55134 55141 55212 55252 55425 55451
Case #54: NONE
Case #55: NONE
Case #56: 11 12 21 22
Case #57: 111 112 113 121 122 123 131 132 133 211 212 213 221 222 223 231 232 233 311 312 313 321 322 323 331 332 333
Case #58: NONE
Case #59: 111 112 113 121 122 123 131 132 133 211 212 213 221 222 223 231 232 233 311 312 313 321 322 323 331 332 333
Case #60: 126642 152516 213425 321342 324314 356566 421254 423422 425533 466161 525165 642125 642553
Case #61: NONE
Case #62: NONE
Case #63: NONE
Case #64: NONE
Case #65: 1
Case #66: 1111 1112 1113 1114 1121 1122 1123 1124 1131 1132 1133 1134 1141 1143 1144 1211 1212 1213 1214 1221 1222 1223 1224 1231 1232 1233 1241 1242 1243 1244 1311 1312 1313 1314 1321 1322 1323 1324 1331 1332 1333 1334 1341 1342 1343 1344 1412 1413 1421 1422 1424 1431 1433 1434 1441 1442 1443 2111 2112 2113 2121 2122 2123 2124 2131 2132 2133 2134 2141 2142 2143 2144 2211 2212 2213 2214 2221 2222 2223 2224 2231 2232 2233 2234 2241 2242 2243 2244 2311 2312 2313 2314 2321 2322 2324 2331 2332 2342 2343 2344 2411 2412 2413 2414 2422 2423 2424 2431 2432 2433 2434 2441 2442 2443 2444 3112 3113 3114 3121 3122 3123 3131 3132 3133 3134 3142 3143 3211 3212 3213 3214 3221 3222 3223 3224 3231 3232 3233 3234 3241 3242 3243 3244 3311 3312 3313 3321 3322 3323 3324 3332 3333 3334 3341 3342 3343 3344 3411 3412 3414 3421 3423 3424 3432 3433 3441 3442 3443 3444 4111 4112 4113 4114 4121 4122 4123 4124 4131 4132 4133 4142 4143 4144 4211 4212 4213 4214 4222 4223 4224 4231 4233 4234 4241 4243 4244 4311 4312 4313 4321 4323 4324 4331 4332 4333 4334 4341 4342 4344 4411 4412 4413 4414 4421 4422 4423 4424 4432 4433 4434 4441 4442 4443 4444
Case #67: 11 12 21 22
Case #68: NONE
Case #69: NONE
Case #70: 11 12 21 22
Case #71: 11 12 21 22
Case #72: 11324 11555 12124 12133 12155 12234 12235 12335 12354 12522 12542 13121 13123 13144 13225 13243 13333 13513 13531 13533 13544 14312 14421 14454 15114 15221 15334 15352 15551 15553 21121 21223 21254 21322 21351 21353 21354 21511 22255 22353 22523 22552 22553 23151 23225 23323 23354 23411 23412 23451 23522 24325 24333 24432 25123 25131 25231 25234 25244 25355 25424 25534 25541 31212 31235 31252 31322 31442 31451 32135 32225 32252 32524 33125 33132 33153 33432 33521 34113 34121 34241 34315 34515 34551 35314 35415 35441 41445 41555 42122 42315 42345 42432 42443 43152 43252 43331 44231 44325 44415 44521 45153 45413 45423 51125 51312 51314 51354 52125 52225 52341 52352 53141 53343 54234 54244 54452 55135 55253 55411 55414 55423 55513 55542
Case #73: 1
Case #74: 111 112 113 121 122 123 131 132 133 211 212 213 221 222 223 231 232 233 311 312 313 321 322 323 331 332 333
Case #75: NONE
Case #76: 115235 152352 223514 235143 241354 361316 366252 413545 442351 523525 636131 641455
Case #77: NONE
Case #78: 111236 112445 165212 232256 242152 243165 264552 333333 421523 456614 566143 621166 626134 626564 644633
Case #79: 123221 232212 336225 433622 461464 465135 614644 643362
Case #80: 1
Case #81: 11153 11235 11422 11532 11535 11551 12123 12353 12513 13153 13234 14115 14213 14253 14514 14533 15212 15352 15353 21233 21243 21343 21441 21531 22134 22141 22251 22252 22415 22553 23242 23314 23415 24121 24152 24221 24224 24241 25343 25433 25535 31153 31411 31421 32155 32214 32225 32341 32422 32435 33114 33142 33325 33333 33335 33351 33445 33452 33532 34153 34242 34452 34525 35121 35125 35321 35331 35333 35351 35511 41155 41412 41521 41532 42411 43311 43322 43512 43533 45142 45334 45432 51212 51251 51314 51341 52124 52153 52232 52255 52355 52511 53115 53222 53313 53332 53342 53344 53512 53533 53535 53554 54411 55314 55441
Case #82: NONE
Case #83: 111 112 113 121 122 123 131 132 133 211 212 213 221 222 223 231 232 233 311 312 313 321 322 323 331 332 333
Case #84: 111 112 113 121 122 123 131 132 133 211 212 213 221 222 223 231 232 233 311 312 313 321 322 323 331 332 333
Case #85: 115265 364232 656233
Case #86: 145441 153353 251161 362446 431145 533531 534244 625116 625552
Case #87: 7642523
Case #88: NONE
Case #89: NONE
Case #90: 11 12 21 22
Case #91: 11115 11154 11155 11224 12144 12213 12242 12311 12323 12342 12351 12352 12515 13112 13124 13325 13432 13512 14145 14251 14522 14525 15212 15353 15413 15421 15523 15555 21115 21231 21251 21313 21533 22125 22322 22422 23113 23121 23122 23242 23335 23412 23424 23513 23525 24135 24312 24545 25145 25152 25154 25331 25454 25551 31133 31214 31234 31251 31255 31325 31422 31453 31535 32123 32324 33125 33235 33511 34113 34121 34123 34155 34242 34513 35111 35125 35133 35214 35234 35314 35322 35553 41135 41213 41235 42131 42252 42312 42514 42555 43125 43532 45132 45134 45411 51112 51221 51241 51254 51321 51341 51452 51521 52141 52341 52345 52514 52524 53133 53144 53312 53451 53531 54113 54122 54123 54213 55135 55234 55331 55353 55552
Case #92: 6667471 6674715
Case #93: 111 112 113 121 122 123 131 132 133 211 212 213 221 222 223 231 232 233 311 312 313 321 322 323 331 332 333
Case #94: NONE
Case #95: NONE
Case #96: 1112 1113 1114 1121 1122 1123 1131 1132 1133 1134 1141 1142 1143 1144 1211 1212 1213 1214 1222 1223 1224 1231 1233 1234 1241 1242 1243 1244 1311 1313 1314 1321 1322 1323 1324 1331 1332 1333 1334 1341 1342 1343 1344 1411 1412 1413 1414 1421 1422 1423 1424 1431 1432 1433 1434 1441 1442 1443 1444 2111 2112 2113 2114 2121 2123 2124 2131 2132 2133 2134 2142 2143 2144 2211 2212 2213 2214 2221 2222 2223 2224 2231 2232 2233 2234 2241 2242 2243 2244 2311 2312 2313 2314 2321 2322 2324 2331 2332 2334 2341 2342 2343 2344 2411 2413 2414 2421 2422 2423 2432 2433 2434 2441 2442 2443 2444 3111 3112 3113 3114 3121 3122 3123 3124 3131 3132 3133 3134 3141 3142 3143 3144 3211 3212 3213 3214 3221 3222 3223 3224 3231 3232 3233 3234 3243 3244 3311 3312 3313 3321 3322 3334 3341 3342 3343 3344 3411 3412 3413 3414 3421 3422 3423 3424 3431 3432 3433 3434 3441 3442 3443 3444 4111 4112 4113 4121 4122 4123 4124 4131 4133 4134 4141 4142 4143 4144 4211 4212 4214 4221 4222 4223 4224 4231 4232 4233 4234 4241 4243 4244 4311 4312 4313 4314 4321 4322 4323 4324 4331 4332 4333 4334 4341 4342 4343 4344 4411 4412 4413 4414 4421 4422 4423 4424 4431 4432 4433 4434 4441 4442 4443 4444
Case #97: 111 112 113 121 122 123 131 132 133 211 212 213 221 222 223 231 232 233 311 312 313 321 322 323 331 332 333
Case #98: NONE
Case #99: 1
Case #100: 11 12 21 22
